$ANSIBLE_VAULT;1.1;AES256
39626134663161383938313065353335663433613962396531633930306536313036313861376462
6432326262343061343734363237353662643531303038340a633961346566373239353934363361
30356632363331306162313434316335363334636164303633623430366663623438666564633436
3132646636393030660a643939346231356665303762376533393132616363343631633031323030
31343861393433643364313730656639323363613338633639373737366265336134343432316335
36386332636666306630303163356361663166306230316236356363376533323864643933303534
36366361636333653964326662303365616233396134306235653434386334353261616362386531
37346239303035323865383538356361336530306639636535393764363032636632393061383363
65373630313737633338623664393363646363666135643761346161373961663762613434303135
37643661356565313365323037363964626633353837333434346430383166306330643330333166
32663261373033363932383234646239326339306262613262363238353838653737616139346132
32313936366633613030636266303832386439313861303664396662653362623539396565636431
34323736373262313430396133346435396237666430396230643134663361633865616161366462
32656634353038663939313531343036386434616435373739626464376238646266636665623565
62653536636137636665626433346531313433323833616434303635653434383862366337643139
31666266363833636662356563353462393031316637633265336239393465383334663633663966
66643464366536323934646666306261313934353138366236663665393935616135636232303236
36623337313966303630313364366163663730373138376264666631306233353463333734363338
31653834323062333662616131316239653630396465343562383335386161663334393738343833
30333533323061666233656461376361313531653737333865393038386233633961626462653636
31656336373462623037303263623363363761633130386366646164353231343066303031396162
35323131636636636264393033653930303838656636303836636131626430626661343165363264
64636432346236363133366439373631343534616531333436323435653531356530383462303366
33306563613365656366313962313861353730663463333166653462396433623163373434366366
3637
