$ANSIBLE_VAULT;1.1;AES256
63326364666363353139643438636266653064383431326664373531343263313737333762633539
3737393537393664396164353132616266643661386131630a666466316638656263326365306137
39303739336464353336643831373936313761363934623931333933666234383036316539656235
6461653835656264640a346261326436643030356663316364336261303739393363626536643530
36313665613131616434646666366537353533646633656235613230346561383766663137363831
62333535646638663964336231373331633062626136376565363830363362383038303665383133
32343936656666626366376238366432636630306137643239643830336332396232653466363533
65393630393736653739653032326530373066663037656464616230353538626330613739656533
30616466336636383331363037643332306230373462386337643332316461643338663538393630
31633765633438363833633734303365383633613932613732656465303133303837373230303461
34313665383437646438616336333830656665313064643434653933623930343232636434633437
64363636333763656330343366386266363032333935376138363937366633346637323633353538
35396566326162663230353235343631373534663433363339353335363533633631623062643633
36386163356262333631383964383962376637626537653866663761396233393761326339376664
32393631316537656165663531333735646462323134323333643764663739613762666632396436
37393736336437356365363236646539613832383739343931396533316232373632303538363638
61393238303966653339623336653931383638303237323963366138383063616130346437333833
33656236333430313731636339383839306134613032643263356431623834613337303664363834
34353438666564616135386264656333393964663039396336393265306138653733636133386635
33623365616562653531323261313939343665666466353731316135653134346161663831646539
38326663356136636164373063393432386666393437333266623232646533366634346633363463
31386236303363636136373164623363653236663030636636376361313237313830333930663665
61356133373538666664383366316562613339336462386539366535383466313563363864613739
34386265333766386332336130393832663833303262633864366564373361613233623431353133
62653966616561363437373632386264353163656638393865333938373633633837343466653562
62303538386663373339613062303438383137346239663562656238623533626138643533366433
65666437323232653233303535646531313635346163666337613562303161373561646230623365
30396461636435313666396335373762346235633565393863363266333161363662316163633236
63623131343835633433663934653034366233656165666432346437666532623764646137353462
38363230646439636665346335346263346365663534316162663932663530383038373964633664
39313263373064373331316531636138386563393339626564666331303137383338366361383766
31363864316236643964653633303331623963333337383531363764376463363438343539303164
38656534396230393339623364636131393639613863316365306230633035306565323436363033
35303361666334373537336230336366346139613239396163373961623065386661356263626264
30313839363836393063663565333132326332656434326361383236316161383163376632373763
63303462616131613639306537633531333137303735663364643361316333323765386461383231
30643737363566376530303430623038643033343165363664353462396564313363363931383464
65383339663565363934306332643136643163333735313537353532313530303632616331316533
61316663393165623962643632393531363038343232393335613666353635356531646362646132
32316637333231393733373363323662393339656236656466663732303634356666626538636633
61303865353731373138363237323836656462346230363030623563383137303061663239313934
30316334333064326262656139353132353136303665383538623033633239333536646438326663
30616134363663353138313531656266653735616661346137383638373662643865336138663264
64366637326531653064303766393235366165303931353762646331636135316537373532386431
39616461663862316231316163303632613030396436656439666138356133613834303233373136
64336530383034386436373938653631613731353061303534323061333937343431303131663363
33363063363430633863663332613430303731333833663831393665333030323836643766646561
34666566633763333763323534336365623534386233663665303565383130326438343030623438
31633866386665343763643536363534383030353663333965616264666131376230666531633665
64353033646561343537343034383262326535356562383635623265306632653635646632653134
36303965333537653636666433306434616139393065353734646333646564386630333466653835
66326631393433633331323835346136393563383332396431663539653862626339393562346564
63326337636665306236626133643431333133303664393637353238333639356237613465313864
62373732323031336236333239356264613033656539393063383161313439613165376462656432
32636433353566393561623036626330643835633938353862623336643532666532626233303364
36393033356230376338396431626234313831623065356436383533393031326139303830366239
38376233626464613931616539653334616138323366646466343833343262643535653434616131
32616535353761393535393132313063376332313037626437623339643363393631623362653733
30646663343232663165633236343233386637333330396630353363366361363536643938393036
32653534396235366564316133373765303630353737623463333439366331343633346436336231
61656662316662313166333561313162336662313038613961316437663461643961326532333261
66346262303935643037373838643661623062316539623161363837353264386633663466626435
34616235613431663532663637663233336365343836646563653165356233636136636265633631
66313166363037366661376163303334316330323665656530393261643563303761323433373537
33343264393266613837636466653963373065663031663665383735373431306663616261653164
34393265383332663837336237666133653561336434646262376533663862376535346539663932
64303363363836353564323539346365346439633436656538633939373735303235306236353839
63323265333536363938656236336164663530376239656430656339643931303430376631356431
39323730396132626239333338333937396539616364356337653030383762323339316339613032
61313531616435373066376536623062663562356431353965323261396132343934643066333132
32643530323166303034303361613662353439306637616337323735303639623364343431343139
38393461396238313539653738663135666135306365353763346466306633353039393935366464
66386137653965323365376464633332633739313534306234333961386162666666643133393431
62633632333933643439626231316133313038653761643633313238336364616535643131663736
61363963643931656566336664383837393936333131623465303439343539333862363364363363
33326230623562343365376661313663393137656563323462326466303234373936613930613663
66343266363732663937316463323961333432666561396264326436323966323861333039376532
34343031383031643565366330643935383732303932383463376265316337373364663761376363
32616235323538336166643462633865323663376663656132343763393530346536363263356464
34333739303361323832336361383436633537393562386630656638653966353263323362643064
37336662316464396432346534306265346135336365306661353962653065396161376232323738
63663837326235323866346461313333663838373162653039656365383638303737366335353061
34666262326338306631666238376635363838363134663335613865393661663761323931613138
66323038636537363934383266636432306435326239636163383464393431393766373638613334
30396665663635643466363932336336303266666232616333313662383062333761383731373963
61383139323762323238333361306261646661623337393131646132373830326539666536376663
64353161303735363835666237353133316233616162343866333438313736626263623636366135
35363233376464623338626239613065366438323862353834383536316264326562336363326234
65393732373036396533363231663039326163353934656330666166313766393331373561333032
63303538663431643362656665393036373462636431333565653839373635313165356363663937
37623766333132663234313738656633663063373738363165313439303334396336303137633530
32656662356463643330323232633963363762313939333237623835363162623530646365626563
63653433313265643036323238333932316134656164653961376464323332326366323264356338
62323034383562326364316231666539323533666338303633313136633338653238353565373664
38666361623630646566373835333261386363393838376331353061336336653130623537396266
33343761346234386639623663633266313339663062373730663134323937326266306361653531
33653335333939393038356234646532313862633665346235363532356632613035363932306563
36393038626162663639326136326164663231363863396534623461653663626262396634656161
33366435323663373166353764613933633264626233643637383637306232303838393564316639
66636237653833373035353965346136386262633162353162393631623563396232366330653638
39393533383332393962653033643231343836393262376332393233376434646263336337373632
37616430326134353230333531316163303936653963313133386137613439653331326637343161
36336430333331623431643235643338623136643038613364393436386537313439363632363235
38653935633863653961666561653561336361613436343235323564643735613439663532303239
61663433396562616235613365333734313061303631616237363034666565383938323533646230
63303935636166663231323231303834393631616565373731333632333137373632336431623339
66373333613534363162353734353030393331306532626433383065613533346261616135393233
63363535336137656362366633653533626637633338363930303961643132313130643766386231
61633033333332363830333263653565383163663461383934303430623263383762316536333465
33366661646133643963363439303830666236656363393732376438363931613364386535623865
66333161336234323932643332636265373538313166656335373265393230623861356636376339
31316264383263386134356465626263363735616665613637613137366439393335643766666232
37336634653831336331633038643864333364303937376662326562383035336134386163356536
66613836306164633366656138383361343435656635633365626235313637623766376461363835
32626135666634376133666566646638633762396138336264653639616130666631363961393632
38303061363138306565616565343436333364393765343839643262373663386132643366386433
34323264383732336535636461333161663739613337383562373264333564326166376662363163
65306433393363363734323930663034373139333061323763343230353964353861646565353865
33353063386566646132396564653166333630663062353839656637313165633464336337313231
63366230623966376632653133393830633130373766646133393466616336636133663237636161
61363737376234316133366562366162376239356633363064353366613331643739666461303530
31643265373034383461633864633134383238376330323038373966653233353239613432326661
65363939383230336536633531613738366461343337396537323732643133306234353564653830
62656133373366373433646631326362333163316637333562386162643261326466313338333965
38376334613638633336353033653230366637316632396563323731646362376532656131643061
32313038383538386130323661376233333937373730343534386435663830333037393039353566
39353862373333636334663333663933386537373936313831393661643066613961353635333438
34656465303139386135663562373530633564313362363634343431623165353232333461366263
61323438666434313162366535636561363362613736333039386538613335376165643038393762
61306662383238626234613431313464346164343432346365303337383636353833646135393235
35643836633637616138623838303837373636306435616638646534383339353538343864313533
36323034343666666263336232353263316532646361663837373432316237343663333564366664
33653036393033623564393365366434313464306433623266626634323839653831363062373064
35323239623738333731626131643736316664326263373932323032643639626137313964623238
373232306533613832653338623263633537
